[117, 143, 153, 284, 289, 329, 363, 368, 396, 397, 442, 454, 493, 547, 550, 631, 675, 696, 730, 731, 800, 820, 843, 918, 927, 989, 1005, 1010, 1011, 1028, 1038, 1078, 1081, 1087, 1157, 1196, 1209, 1221, 1256, 1304, 1332, 1344, 1346, 1350, 1360, 1364, 1369, 1418, 1438, 1455, 1457, 1469, 1477, 1478, 1489, 1503, 1530, 1536, 1544, 1551, 1553, 1582, 1584, 1588, 1593, 1595, 1605, 1627, 1633, 1658, 1670, 1674, 1683, 1698, 1709, 1733, 1739, 1744, 1752, 1753, 1756, 1761, 1762, 1763, 1766, 1768, 1772, 1778, 1781, 1784, 1788, 1792, 1797, 1808, 1821, 1825, 1827, 1831, 1834, 1841, 1857, 1859, 1860, 1876, 1878, 1879, 1880, 1884, 1892, 1895]
110


[1056, 1088, 1106]
3


[452, 596, 801, 859, 1044, 1115, 1271, 1377, 1428, 1475, 1786, 1799]
12

